#frozen_string_literal: true

module GridLines
  COLUMNS = [
    [0, 7, 14, 21, 28, 35], [1, 8, 15, 22, 29, 36],
    [2, 9, 16, 23, 30, 37], [3, 10, 17, 24, 31, 38],
    [4, 11, 18, 25, 32, 39], [5, 12, 19, 26, 33, 40],
    [6, 13, 20, 27, 34, 41]
  ].freeze

  ROWS = [
    [0, 1, 2, 3, 4, 5, 6], [7, 8, 9, 10, 11, 12, 13],
    [14, 15, 16, 17, 18, 19, 20], [21, 22, 23, 24, 25, 26, 27],
    [28, 29, 30, 31, 32, 33, 34], [35, 36, 37, 38, 39, 40, 41],
  ].freeze
  
  ltr_diags = [
    [14, 22, 30, 38], [7, 15, 23, 31, 39],
    [0, 8, 16, 24, 32, 40], [1, 9, 17, 25, 33, 41],
    [2, 10, 18, 26, 34], [3, 11, 19, 27]
  ].freeze
  
  rtr_diags = [
    [20, 26, 32, 38], [13, 19, 25, 31, 37],
    [6, 12, 18, 24, 30, 36], [5, 11, 17, 23, 29, 35],
    [4, 10, 16, 22, 28], [3, 9, 15, 21]
  ].freeze

  WINNING_COMBOS = [COLUMNS, ROWS, ltr_diags, rtr_diags].flatten(1).freeze
end
